1|1|Customer#000000001|517|
1|1|Customer#000000001|387|
1|1|Customer#000000001|358|
1|1|Customer#000000001|353|
1|1|Customer#000000001|320|
1|1|Customer#000000001|288|
1|1|Customer#000000001|227|
1|1|Customer#000000001|224|
1|1|Customer#000000001|164|
1|1|Customer#000000001|134|
1|1|Customer#000000001|102|
1|1|Customer#000000001|71|
2|2|Customer#000000002|455|
2|2|Customer#000000002|295|
2|2|Customer#000000002|162|
2|2|Customer#000000002|161|
2|2|Customer#000000002|65|
4|4|Customer#000000004|576|
4|4|Customer#000000004|550|
4|4|Customer#000000004|483|
4|4|Customer#000000004|481|
4|4|Customer#000000004|421|
4|4|Customer#000000004|385|
4|4|Customer#000000004|323|
4|4|Customer#000000004|293|
4|4|Customer#000000004|292|
4|4|Customer#000000004|262|
4|4|Customer#000000004|225|
4|4|Customer#000000004|197|
4|4|Customer#000000004|165|
4|4|Customer#000000004|132|
4|4|Customer#000000004|130|
4|4|Customer#000000004|103|
4|4|Customer#000000004|101|
4|4|Customer#000000004|97|
4|4|Customer#000000004|68|
4|4|Customer#000000004|64|
4|4|Customer#000000004|7|
4|4|Customer#000000004|1|
5|5|Customer#000000005|582|
5|5|Customer#000000005|516|
5|5|Customer#000000005|454|
5|5|Customer#000000005|453|
5|5|Customer#000000005|450|
5|5|Customer#000000005|416|
5|5|Customer#000000005|388|
5|5|Customer#000000005|325|
5|5|Customer#000000005|261|
5|5|Customer#000000005|259|
5|5|Customer#000000005|258|
5|5|Customer#000000005|228|
5|5|Customer#000000005|133|
5|5|Customer#000000005|5|
7|7|Customer#000000007|581|
7|7|Customer#000000007|580|
7|7|Customer#000000007|579|
7|7|Customer#000000007|577|
7|7|Customer#000000007|545|
7|7|Customer#000000007|519|
7|7|Customer#000000007|513|
7|7|Customer#000000007|512|
7|7|Customer#000000007|486|
7|7|Customer#000000007|484|
7|7|Customer#000000007|452|
7|7|Customer#000000007|417|
7|7|Customer#000000007|386|
7|7|Customer#000000007|357|
7|7|Customer#000000007|294|
7|7|Customer#000000007|199|
7|7|Customer#000000007|196|
7|7|Customer#000000007|194|
7|7|Customer#000000007|135|
7|7|Customer#000000007|70|
7|7|Customer#000000007|67|
7|7|Customer#000000007|34|
7|7|Customer#000000007|33|
7|7|Customer#000000007|6|
8|8|Customer#000000008|514|
8|8|Customer#000000008|480|
8|8|Customer#000000008|422|
8|8|Customer#000000008|359|
8|8|Customer#000000008|355|
8|8|Customer#000000008|326|
8|8|Customer#000000008|193|
8|8|Customer#000000008|129|
8|8|Customer#000000008|128|
8|8|Customer#000000008|2|
10|10|Customer#000000010|578|
10|10|Customer#000000010|551|
10|10|Customer#000000010|547|
10|10|Customer#000000010|544|
10|10|Customer#000000010|451|
10|10|Customer#000000010|449|
10|10|Customer#000000010|420|
10|10|Customer#000000010|418|
10|10|Customer#000000010|231|
10|10|Customer#000000010|192|
10|10|Customer#000000010|163|
10|10|Customer#000000010|160|
10|10|Customer#000000010|131|
10|10|Customer#000000010|99|
10|10|Customer#000000010|69|
10|10|Customer#000000010|39|
10|10|Customer#000000010|37|
11|11|Customer#000000011|549|
11|11|Customer#000000011|487|
11|11|Customer#000000011|485|
11|11|Customer#000000011|423|
11|11|Customer#000000011|390|
11|11|Customer#000000011|352|
11|11|Customer#000000011|324|
11|11|Customer#000000011|289|
11|11|Customer#000000011|260|
11|11|Customer#000000011|230|
11|11|Customer#000000011|166|
11|11|Customer#000000011|98|
11|11|Customer#000000011|96|
